ICEBERG LIMIT
49,-53.783333 49,-51 54.5,-50 56,-53 
ESTIMATED ICEBERG LIMIT
56,-53 61,-59 62,-54 58,-48 58,-40 64,-37 66,-28 
WESTERN ICEBERG LIMIT
51.866666,-56.083333 51.566666,-55.916666 
SEA ICE LIMIT A
59.083333,-63.166666 59.666666,-63.666666 60,-64.166666 
SEA ICE LIMIT B
60.5,-64.833333 59,-67.583333 61.25,-69.25 62.916666,-74.333333 62.5,-80.583333 55.333333,-80.416666 59.25,-93.666666 63.25,-89.166666 61.833333,-82.833333 63.583333,-80.75 
SEA ICE LIMIT C
63.75,-80.166666 66,-82.166666 67.583333,-79.5 63.916666,-78.25 62.416666,-70.583333 61.166666,-64.5 62,-64.333333 66.916666,-60.666666 68.5,-66.083333 70.416666,-66.333333 70.833333,-67.666666 71.333333,-66.25 72.166666,-68.583333 73.166666,-65.75 
