ICEBERG LIMIT
52.166666 -55.75
243.412334203787 289715.133993861
270 244897.319730616
328.096152965486 130977.143990011
47.7132598772001 577593.80189272
55.5 -54
ESTIMATED ICEBERG LIMIT
55.5 -54
25.5880801228912 677489.90669109
292.727657488606 287554.637366534
216.900636560328 555499.418260349
270 471119.176668434
346.365062056883 686300.373696692
297.68663926162 477244.749066301
66 -28
SEA ICE LIMIT A
49.333333 -67.333333
270 18115.2362938304
318.640437648046 135793.415063151
50.25 -65.833333
SEA ICE LIMIT B
53.5 -59.833333
60.7102227946923 18940.471892439
53.583333 -60.083333
SEA ICE LIMIT C
59.25 -63.416666
21.1588359033653 129166.164486398
44.6727976577495 13030.1832811508
60.416666 -64.416666
SEA ICE LIMIT D
60.5 -64.833333
146.276791046902 245050.854736845
55.8356398975171 115493.469542773
3.88105746319725 204325.460661704
69.8778403907677 80799.1965166419
48.5195018621944 237725.833156462
90 224822.843013378
302.260246053746 260221.515044557
222.789511982601 252431.783528586
257.444860482615 213015.393044287
61.916666 -66.583333
SEA ICE LIMIT E
62.25 -65.916666
270 94915.7607446414
339.423945392446 544059.328943484
50.5880718222549 291599.270787044
9.50919863042667 178507.842874751
347.228457764128 152016.286622369
47.1015041647979 95275.5552839749
299.344163036225 113415.985236691
72.5 -64.333333
