ICEBERG LIMIT
49,-53.8 49,-51.5 54,-51 56,-53 
ESTIMATED ICEBERG LIMIT
56,-53 61,-59 62,-54 58,-48 58,-40 64,-37 66,-28 
WESTERN ICEBERG LIMIT
51.866666,-56.083333 51.566666,-55.916666 
SEA ICE LIMIT
59.083333,-63.166666 59.416666,-63.166666 59.75,-63.916666 
SEA ICE LIMIT
60.416666,-64.75 59,-67.583333 61.25,-69.25 62.916666,-74.333333 62.5,-80.583333 55.333333,-80.416666 59,-93 62.75,-88.583333 62.666666,-84.75 63.583333,-81.25 
SEA ICE LIMIT
63.75,-80.166666 66,-82.166666 67.583333,-79.5 63.916666,-78.25 62.416666,-70.583333 61.166666,-64.5 62,-64.333333 66.916666,-60.666666 68.5,-66.083333 70.416666,-66.333333 70.833333,-68.166666 71.416666,-66.833333 72.166666,-69.666666 73.166666,-65.75 
