ICEBERG LIMIT 2019-12-04
51.75,-56.366666 51.75,-55 52.5,-54 54.75,-54 58,-57 59,-57 
ESTIMATED ICEBERG LIMIT
59,-57 60,-53 58,-49 58,-39 64,-37 65,-28 
SEA ICE LIMIT A
47.083333,-64.833333 48.833333,-62.75 48.833333,-61.166666 51.25,-57.416666 51.333333,-56.916666 52.083333,-55.416666 53.5,-55.5 54.583333,-57.083333 56.25,-60.583333 57.833333,-61.416666 60.333333,-64.25 60.416666,-64.416666 
SEA ICE LIMIT B
60.5,-64.75 60.5,-65.166666 59,-68.166666 61.166666,-69.083333 62.833333,-74.083333 62.666666,-77 64.166666,-74.833333 62.416666,-70.833333 61,-64.583333 62,-64.166666 64.583333,-63.25 65.083333,-59.166666 66.416666,-57.833333 67.583333,-58.083333 
SEA ICE LIMIT C
62.333333,-42.2 62.05,-41.883333 61.833333,-42.116666 
